              precision    recall  f1-score   support

           0       1.00      1.00      1.00       828
           1       1.00      1.00      1.00       841
           2       1.00      1.00      1.00       896
           3       1.00      1.00      1.00       655
           4       1.00      1.00      1.00       969
           5       1.00      1.00      1.00       894
           6       1.00      1.00      1.00       997
           7       1.00      1.00      1.00      1025
           8       1.00      1.00      1.00      1006

    accuracy                           1.00      8111
   macro avg       1.00      1.00      1.00      8111
weighted avg       1.00      1.00      1.00      8111
